Sample_id,Class_1,Class_2,Class_3,Class_4,Class_5,Class_6,Class_7,Class_8,Class_9,Class_10
1,8.85590422393e-05,0.0219260798575,0.571834972721,0.0226211793775,0.0387490567199,0.0652520994085,0.162756001505,0.0059206397702,0.082217777833,0.0286336337652
2,1.00440631034e-05,0.00830889139485,0.1258601734,0.0186677687119,0.0519484458965,0.0139342893968,0.19999618298,0.00790038392149,0.561819508727,0.0115543115086
3,0.80942501061,0.0146552269458,0.00145457521946,0.00388860155893,0.0362693859453,0.00838988536401,0.0502788718536,0.0445239990587,0.00782181879021,0.0232926246539
4,0.830380328699,0.0274780727446,0.0168302803318,0.00837587177155,0.0186833004949,0.00674567537103,0.0087361238,0.0238993560882,0.0421299139711,0.0167410767281
5,0.971116914631,9.62128580683e-05,0.000639921272216,0.00053951822681,5.08470444181e-05,0.01648442825,0.000135827911226,0.00749270346411,0.00181576752977,0.00162785881197
6,0.861401661156,0.00047014924822,0.00124698434381,0.00246051799286,0.0768530114379,0.0106852886395,0.0134081302726,0.0300416246228,0.00100032463895,0.0024323076476
7,0.00210414555895,0.0158857560194,0.0480495480355,0.0409624762339,0.329235891441,0.182122953237,0.0516561156868,0.0147948424322,0.275878559518,0.0393097118367
8,0.336733783854,0.00693941862683,0.000703872060369,0.0131597587206,0.335001668991,0.00570165626573,0.0650552074991,0.182759525347,0.0277687007659,0.02617640787
9,0.994238630224,8.41162649906e-06,0.000247337156452,0.000188416580937,0.00252495153694,0.000372350834573,0.00104179781438,0.000665909692748,0.000193033566583,0.000519160966421
10,0.0828736720108,0.726563877483,0.0375529797942,0.0224417994336,0.0053673599835,0.00252070283079,0.00536677244434,0.0659902382191,0.0378074625927,0.0135151352076
11,0.850648048454,0.00362492850764,0.00982990367535,0.00278258684163,0.0306179728682,0.030660659756,0.0431786736385,0.0211893692411,0.00180564223212,0.0056622147853
12,0.000472727562414,0.00116777573814,0.0159637951374,0.0268211825195,0.774381402967,0.00234624951922,0.0407722005435,0.0286264782087,0.00218257975431,0.10726560805
13,0.882887877602,0.0130831909245,0.01774127539,0.00324945934219,0.00437465344046,0.0153153073488,0.0111003103532,0.00215865223469,0.0378816674425,0.0122076059214
14,0.00480296681784,0.00195413201362,0.0314964888154,0.542038223068,0.0805963716673,0.0206871666008,0.00758437131829,0.149961822224,0.0245306996888,0.136347757787
15,0.221223801969,0.00723227879085,0.00837319794555,0.552493871541,0.0165747970315,0.130725268373,0.033109228407,0.0109261582241,0.00447018665821,0.0148712110597
16,0.239437140133,0.0162511957712,0.00335259346526,0.0502235966467,0.0747477948607,0.00924313915619,0.138921686263,0.40527776764,0.00921018370746,0.0533349023566
17,0.00110972189593,0.0786008003688,0.398845129082,0.0209662759186,0.104668836895,0.103300470978,0.0254986332052,0.0407128205716,0.150863491892,0.0754338191924
18,0.989944939007,0.000222143798963,0.00210721236272,6.65406895833e-05,3.33761344603e-05,0.00558542949525,0.000193480325877,0.000463758791181,0.00114317141003,0.000239947985381
19,1.02995149873e-05,0.00307922530908,0.756276477469,0.00180315011128,0.00465976625326,0.137483602744,0.0135649299509,0.0373297207171,0.0375597805851,0.00823304734583
20,0.0258370088333,0.908469112954,0.00372428496456,0.0108948085686,0.0033355708435,0.00542908391232,0.00841167906079,0.000721883305698,0.0276309897233,0.00554557783394
21,0.000832602874951,0.516549510552,0.307172288292,0.00237458164732,0.00303209086761,0.0154578929102,0.0444443263065,0.00159355991692,0.0262832434582,0.0822599031741
22,0.0485292976299,0.00743468025846,0.148467649904,0.0605879823234,0.0329813056294,0.124958593544,0.216460116773,0.104166615031,0.112022758653,0.144391000254
23,0.143740643823,0.00584766473353,0.159562237175,0.217189561471,0.144932340119,0.0698068095184,0.0344204362811,0.105476362469,0.0221055601554,0.0969183842556
24,0.125458461694,0.385745647913,0.00993958714728,0.0701204949491,0.00299645464435,0.106248957112,0.0402216329549,0.204158900699,0.0159586962453,0.0391511666406
25,0.488879429601,0.091803064671,0.114055762632,0.00257934770595,0.00481630997234,0.00616449530698,0.0328770067561,0.23870961404,0.00793452631153,0.012180443003
26,0.00166747213227,0.12678062791,0.0189514322316,0.519710895558,0.112735284313,0.0182454231498,0.110871544231,0.00591519899195,0.0152793946124,0.0698427268706
27,9.05932573398e-07,0.255423174207,0.475887918552,0.0440274582137,0.00285466417917,0.0856899815737,0.0153609231253,0.00157629292765,0.10769325006,0.0114854312281
28,0.0483197258177,0.000524163889867,0.0267435590426,0.0175211355501,0.048527713825,0.0133432092003,0.0320341125511,0.707175471159,0.063150815465,0.0426600934994
29,0.618483753606,0.000426276784665,0.0045681996523,0.00558297950491,0.0609236955492,0.0286261201004,0.0109432171825,0.21145973916,0.0377789852777,0.0212070331818
30,0.895850698282,0.00117195284622,0.00909106675524,0.00413077718358,0.0227039056716,0.0132369964753,0.00910532736215,0.0287632913185,0.0140790106067,0.00186697349829
31,0.00190709063171,0.0141975875407,0.00896457752826,0.719939788142,0.0143139819876,0.0222788338984,0.0353947023612,0.0156082726725,0.00531442145285,0.162080743785
32,0.93854746134,0.000396765182671,0.00662238701964,0.00139836144029,0.000572466204657,0.000138310675317,0.00372942917219,0.00489236505846,0.00240659508124,0.0412958588252
33,0.648835453711,0.0173763724637,0.00596735450717,0.00352420872347,0.0061337784681,0.00427224273057,0.09873710281,0.174924157807,0.00675713851656,0.0334721902629
34,0.0170559210588,0.00684595871755,0.031539612792,0.105373473631,0.0542031491548,0.187167844493,0.0244682658054,0.161454639546,0.32113709556,0.0907540392421
35,0.0228307122785,0.102929535835,0.0135867476876,0.694769319664,0.0107092496727,0.0260363282591,0.0197959020899,0.0221908461802,0.0105668113462,0.0765845469865
36,1.83018245355e-06,0.0377823558123,0.0716930960144,0.0633857485607,0.03149883043,0.749456710014,0.00141113478875,0.00415755014695,0.00703700652522,0.0335757375252
37,0.83756571384,0.00280663718732,0.00147473584099,0.115545808934,0.0111479558509,0.00562958528799,0.00362545623884,0.0166505450766,0.000791307732191,0.00476225401062
38,0.925342216005,0.000852122372867,0.0029155595667,0.00172415654349,0.0106873202882,0.00528799607901,0.00259378330407,0.0145388246228,0.0346747059673,0.00138331525042
39,0.97894585162,0.000383934399212,0.00209888491512,0.00253564740819,0.00229430023632,0.000657141304757,0.000260150245271,0.00564029417154,0.00219390083604,0.00498989486397
40,0.000516874625945,0.771535787887,0.0251635344404,0.0595547596505,0.0455487584514,0.0300871104092,0.0146971267275,0.0051243978167,0.0313706794429,0.0164009705481
41,0.70512646264,0.00460643699429,0.0114795126918,0.00857044541249,0.0407474760624,0.0470847596142,0.0347018470946,0.0461740962928,0.0294332805178,0.0720756826797
42,0.0166438625127,0.745425164508,0.00774144042287,0.0194703747737,0.00814363923854,0.00322108063205,0.00907146668882,0.0475700207504,0.106120743482,0.036592206991
43,8.11882088442e-05,0.00042572952264,0.550495025616,0.00280538993067,0.0054242241562,0.0432917262889,0.0474226208812,0.0213363132616,0.0127151064727,0.316002675661
44,0.274592208999,0.0395615641929,0.110760529958,0.0738604242833,0.0433183902009,0.112925536134,0.0431696018719,0.205737001255,0.0648298763257,0.031244866779
45,0.69595830819,0.0320851700194,0.013794327268,0.0518853333678,0.0196517880103,0.0114597679678,0.068488109627,0.0153959706441,0.0356518134049,0.0556294115004
46,0.0373715955444,0.850058411336,0.00691460666241,0.0217794652966,0.033649868741,0.00938858737067,0.0105374103172,0.0138782437629,0.0114414902453,0.0049803207236
47,0.171444927394,0.507449098464,0.0234687044407,0.0681487835528,0.0469510824949,0.00469142337058,0.0815872160804,0.00598809502694,0.0652179400784,0.0250527290966
48,0.848312909203,0.0158736452981,0.00284782279011,0.0212154015466,0.0327728772005,0.0148062253805,0.0312915835376,0.0030299638977,0.0158867435088,0.0139628276376
49,0.181931308206,0.00387978881627,0.00606993906823,0.150430893569,0.0387230878264,0.124096785279,0.00752062900845,0.46440069814,0.00297435085994,0.0199725192261
50,0.105312422247,0.0363022684502,0.0154502015448,0.167779492605,0.0452858022016,0.28333211955,0.13716839061,0.0708752105226,0.100358207638,0.0381358846299
51,1.87080054387e-08,0.97480709991,0.0231681036662,0.000420018758312,3.57692771426e-05,0.000611386609384,8.28861411775e-05,2.24104502666e-05,0.00065417769739,0.000198128782325
52,5.19589516967e-06,0.0101536637087,0.577558192553,0.0512396396515,0.0482892848496,0.16934984851,0.00579980317671,0.0246143804579,0.108906425805,0.00408356539224
53,0.000734431882835,0.0138732898244,0.015060074735,0.325415245116,0.072848693189,0.0601402991064,0.420867671782,0.0144126352435,0.0479945732707,0.02865308585
54,0.575281937276,0.00511996172242,0.00241808852996,0.0274052050477,0.107839167113,0.006843149792,0.0104651761349,0.235501540878,0.0113931034121,0.0177326700936
55,1.08863417043e-08,0.000547690447649,0.991376166621,0.000172433414801,0.000887011775261,0.00223687411714,9.9240089812e-05,0.000267224060032,0.00423871001812,0.000174638569794
56,1.95448815625e-05,0.02713772978,0.827443902193,0.0121898775533,0.0137859098086,0.0126146649871,0.00845242740894,0.00826408873332,0.0714881748721,0.0186036797818
57,4.70247867091e-07,0.0135982696884,0.0120140827075,0.00955714960691,0.196843801489,0.0787851936016,0.0969357752847,0.00523218602169,0.500916717968,0.0861163533846
58,0.862334922537,0.0147296880921,0.0277211319239,0.00309748134711,0.0288775257195,0.0017125627045,0.00483870321428,0.0243075195344,0.0195098279,0.0128706370269
59,1.83919577274e-10,0.00897532593405,0.784045441464,0.00432055759579,0.0203113145047,0.147617618494,0.000225908547607,0.00010473712734,0.0338937702065,0.000505325942009
60,0.729637660212,0.0784740768172,0.0173393833904,0.0163110689534,0.0209071123316,0.0450322307101,0.0158000495525,0.0587975917465,0.0043460291608,0.0133547971259
61,0.751054407864,0.00137666483098,0.00503502556781,0.0779854676952,0.0162150285016,0.0564378048974,0.0293696759387,0.0137459852561,0.0124106813587,0.0363692580891
62,0.986966229903,0.000318506150461,0.00205070003499,0.000608367938771,0.000920506490838,0.00161915135917,0.000515172425776,0.00200696033813,0.000302029785916,0.00469237557332
63,0.00480889877868,0.404136308433,0.00265525700486,0.402412437765,0.0134115264018,0.0843827454846,0.0294718234226,0.0300232449445,0.00906586083941,0.0196318969258
64,0.656192884474,0.000211802376917,0.061958018051,0.025347933819,0.00480819416622,0.0141077799999,0.025967669734,0.096401351659,0.105159850369,0.00984451535162
65,0.0518494692974,0.00688571161519,0.0209206341463,0.199387698408,0.120755871103,0.347897754418,0.0780579137449,0.0691758288027,0.0887257655737,0.0163433528905
66,0.839767263543,0.114199400607,0.000774377775345,0.00136011070658,0.00500769450564,0.000691680020466,0.000642979862049,0.00297509957531,0.000719386993582,0.0338620064107
67,0.698917880243,0.0104257806602,0.0130151244334,0.0213656751234,0.00102252157912,0.0431694360896,0.00175305846321,0.16209659339,0.0334998347581,0.0147340952599
68,7.96984293198e-05,0.666766692548,0.000916389044278,0.277391811839,0.0105505399284,0.00685721007106,0.0304380963741,0.00119498562313,0.00147454938071,0.00433002676262
69,0.000452971662026,0.714332712838,0.0760051291236,0.0763246003069,0.0544468087337,0.0243822996703,0.016583173198,0.00167830215876,0.0232550684294,0.0125389338793
70,0.207398107381,0.13910230923,0.210364423961,0.0656843360785,0.0362337375787,0.0292892356225,0.0227732497203,0.101454025773,0.0719971658453,0.11570340881
71,0.997248126864,1.37894304104e-05,0.000119647386777,6.44803278076e-07,0.000197514682094,7.95135562905e-05,5.18058860519e-05,0.00182994974674,0.000117980232635,0.000341027412127
72,0.115435497735,0.0166739419706,0.0093362025153,0.0297113650149,0.313242347332,0.0289874939273,0.101504777599,0.292425413683,0.0386469341171,0.0540360261071
73,0.32752720618,0.00517467083707,0.00919954933258,0.038286681376,0.0236875618979,0.13822499621,0.00432239764268,0.39888426739,0.00656846144113,0.0481242076934
74,0.00370733874741,0.00717424920275,0.0522408292433,0.0343622633602,0.223552702092,0.087911883683,0.330295167848,0.0225743165246,0.0128418115447,0.225339437754
75,0.317756432131,0.000796689723782,0.0163860340033,0.00183820643788,0.00647401085934,0.00222465066477,0.0189089189047,0.59829972118,0.0254460613319,0.0118692747632
76,1.47734587328e-09,0.957254276556,0.0416665339191,3.30755382301e-05,3.73456724715e-06,0.000355994823414,3.93735207619e-05,9.75964909209e-07,0.000611109594367,3.49240385245e-05
77,0.691082773679,0.240032460501,0.00487790978187,0.00192360420646,0.000559220520413,0.0204144379258,0.00067393543585,0.0380856246958,0.00106914747067,0.00128088578286
78,2.70366605807e-06,0.136542037844,0.468397024724,0.0380311578106,0.0094372939309,0.158486056391,0.0223661026347,0.00427454602671,0.139730577872,0.0227324991003
79,0.000230043974055,0.00608782416186,0.0504409573912,0.0197144937373,0.0304576137613,0.226794054324,0.0698637989499,0.00357037444938,0.575807333874,0.0170335053765
80,0.0318554452872,0.108803755106,0.0353346863196,0.0856518843796,0.0373178706252,0.0411587748796,0.0635640575338,0.103849064004,0.136895412349,0.355569049516
81,4.66990897662e-06,0.0251868536444,0.463653693489,0.0124877416051,0.00146544838222,0.3555204308,0.000688172681885,0.000148092954126,0.112403115418,0.0284417811168
82,0.445209675487,0.00927653390686,0.00606716198257,0.0273703287305,0.0315196636544,0.0122941571222,0.14957424035,0.234986729815,0.0704040656085,0.0132974433426
83,0.637993713435,0.00589779928825,0.000871943714045,0.00990925923067,0.0155135542986,0.0111710022438,0.0862202713022,0.0535062733199,0.132578925599,0.0463372575678
84,0.0451816936893,0.463619126865,0.0162186018017,0.361370987826,0.0119389959774,0.0267783114957,0.0261234478318,0.0130810231157,0.00728727659474,0.0284005348026
85,3.18588301746e-10,0.00247684437305,0.742785170867,0.0025625035735,0.00111414625461,0.0142419095857,0.00284644425579,5.39085131311e-05,0.233696052453,0.000223019805507
86,0.755366934586,0.000726385640759,0.00912182822596,0.00716094003938,0.0482995362554,0.00308870634392,0.0732771320675,0.0511834163153,0.01119355011,0.0405815704154
87,0.0077441162796,0.047101376486,0.00964464848844,0.657756151812,0.00554150636953,0.0190932207162,0.148137147455,0.000161201479775,0.00171675085005,0.103103880063
88,6.30978592454e-07,0.289190658364,0.225615747842,0.0194993113546,0.0041744765885,0.41095394255,0.00650783638619,0.00126255627972,0.0190761097021,0.0237187299545
89,0.0240092828498,0.000343674906674,0.0302724330572,0.110563883004,0.0133399720618,0.0161885384757,0.0167069658253,0.720080330856,0.00537868547413,0.0631162334887
90,0.519171070506,0.00637217274579,0.0246382051474,0.0544337343225,0.0248260931574,0.027863294909,0.0663699327501,0.193723382853,0.0407945059021,0.0418076077075
91,0.401528084215,0.00764643929716,0.0218185133186,0.0652503231883,0.0219776883006,0.185998167911,0.0261781240371,0.0401457471544,0.0168193075643,0.212637605014
92,0.000358994810188,0.419235910238,0.413007130602,0.024146841816,0.024363160485,0.00788277947378,0.0375982621583,0.011712381387,0.0481574473714,0.0135370916582
93,0.656821231194,0.031636495072,0.0206686834916,0.00614049793974,0.0854043865774,0.0120156996806,0.0437939704235,0.0288218760528,0.0798580152328,0.0348391443354
94,0.983520376314,0.000128838492004,0.00381868194075,0.000142850548459,0.000873824491735,0.000251164207359,0.000220601466314,0.0068667027315,0.00298619806861,0.00119076173949
95,0.664408525064,0.0470614845231,0.0105023699702,0.0279113894976,0.154008278451,0.00497418690879,0.0541023305654,0.0058454424024,0.0246126401427,0.00657335247486
96,0.768545544801,0.0023142999695,0.0026548616983,0.0374506378527,0.00648789554537,0.0171887324272,0.0548889944268,0.0706513439026,0.0150502597502,0.024767429626
97,1.51471923574e-06,0.00110223294372,0.00433933679333,0.00335298771945,0.948560284368,0.0173152539323,0.00983205796366,0.00184302850964,0.0105731519721,0.00308015107884
98,0.000481134857991,0.177312304119,0.101666231941,0.208535058088,0.071936824274,0.205165401916,0.0997590154973,0.0779237712607,0.0281726086038,0.0290476494423
99,0.00957228429064,0.665860041951,0.0323368122271,0.00831749618101,0.0876355693239,0.0218338052555,0.116184447935,0.028045355204,0.0234561670341,0.00675802059813
100,0.00206450987294,0.000948113936001,0.220315906465,0.108338266017,0.0841173098198,0.0700648458717,0.0582095760825,0.204386528897,0.19853323486,0.0530217081775
101,0.801768644629,0.00172473159001,0.00389666024817,0.00465820129752,0.0802829666367,0.0060649113998,0.0520472063101,0.0285960715543,0.00337057549407,0.01759003084
102,0.00509330879919,0.0046320966964,0.00333063746024,0.519663268428,0.103468223479,0.0247294940527,0.171983205459,0.0162323874639,0.0271646487162,0.123702729446
103,0.0525132609945,0.00434702024824,0.00392381175388,0.121793378718,0.521859591183,0.0326130839146,0.0556501124434,0.0136255667614,0.0806528862141,0.113021287769
104,0.815859076518,0.0143997131705,0.00987004140141,0.00849420482288,0.0484076430596,0.00762304116716,0.0437006599343,0.0309287632166,0.00951140128801,0.0112054554215
105,0.000226898727202,0.101225040573,0.00202682257365,0.492753866167,0.0770087497531,0.00129258642385,0.234328376513,0.0166699172764,0.0675596158796,0.00690812611381
106,0.541995863232,0.130925318524,0.00436000327922,0.00186898810552,0.0215897135147,0.00488588400808,0.00289656072725,0.240093907789,0.0450906177555,0.006293143065
107,0.603760809902,0.000450300363488,0.00138361906623,0.00743369520513,0.206372849366,0.0116944583351,0.0104835779548,0.110253219662,0.0222409425452,0.0259265275995
108,0.991525112701,0.000154178117624,0.000104407314357,0.0020485546391,7.81338579793e-05,0.000742361840117,0.0014536259242,0.0002007132714,0.00229993810297,0.00139297423089
109,0.000300834377247,0.468879278234,0.0291239448184,0.211263010721,0.0307800935434,0.0216016597041,0.0451384699358,0.00562807967872,0.166439367749,0.020845261238
110,0.170536210233,0.000674673201403,0.0147571280515,0.0606819320984,0.00760544351956,0.00514987038264,0.00261964729052,0.723908751686,0.00164349131246,0.0124228522239
111,3.2977195041e-05,0.0537310211727,0.819126087668,0.0462777378425,0.00131749006589,0.0133313465113,0.0147312593945,0.0165463574584,0.0222029222976,0.0127028003939
112,1.02785266173e-09,0.992987784542,0.00508995402694,0.000109545483274,9.25821207485e-06,5.21909545511e-05,0.000499678021322,7.29422343365e-05,0.00110220863617,7.6436861192e-05
113,0.876362861672,0.00425759542731,0.00322580763511,0.00121683568716,0.00328477007045,0.00945819893423,0.00677068579527,0.0479324085627,0.0382212169631,0.0092696192531
114,0.812511305951,0.00180215873768,0.00900890504937,0.00325284024942,0.0149708793805,0.0019985237265,0.0177360085169,0.109242428492,0.00538634276835,0.0240906071286
115,0.974661880092,0.000505586081567,0.00732679405247,0.000217554364281,0.00281203067684,0.00214219695916,0.000872977989765,0.00529234797295,0.00560166039718,0.000566971413501
116,0.0409219276442,8.49252958798e-05,0.00289366831921,0.336409175431,0.0245131817616,0.0427295238472,0.0675971436321,0.411710943381,0.0170670316181,0.05607247907
117,0.379738230271,0.0169807287452,0.154747444563,0.0182521984785,0.0218600042476,0.00524942736206,0.0585026540698,0.00972729934733,0.293118943818,0.0418230690969
118,0.993554292437,0.000160013117547,0.00180739645444,6.91549419247e-05,4.93365654425e-05,0.00107409100431,0.000526092118449,0.000457899997129,0.000736059319451,0.00156566404422
119,0.951526115555,0.000419502858791,0.0023890896502,0.00198312411195,0.0207026627274,0.00258147923469,0.0101801698219,0.0030393003759,0.00402706500715,0.00315149065692
120,0.101085452739,0.0368078341623,0.426425970101,0.00858305325715,0.0209674974432,0.00498583595312,0.0108412607207,0.138511918009,0.0956201680764,0.156171009538
121,0.800556490512,0.00303202544171,0.0144662204533,0.00136467347804,0.00118180333878,0.002586467123,0.00416951506488,0.167784079813,0.00146065065344,0.00339807412175
122,0.993148234175,9.85794089798e-05,0.000147198928312,0.00044421749939,0.000742649117026,0.000232676693088,0.00107957279737,0.00124833889337,0.000787311766654,0.00207122072059
123,0.00586508555629,0.651444768016,0.0177858962791,0.0773431056001,0.119630690173,0.0577910019439,0.00257036718558,0.0192695042865,0.0335043358878,0.0147952450716
124,0.993185338127,0.000560149685913,0.000234435643487,0.00011723825382,0.000788626502153,0.000599205697943,0.000974411539421,0.00173460999539,0.000976176082534,0.000829808472401
125,2.11664593743e-05,0.0291330734071,0.783635256112,0.00976370178763,0.0583056559335,0.0338765228674,0.0607131297193,0.00233023213937,0.0181234213951,0.0040978401795
126,0.000321892346656,0.0535743699495,0.0789161516645,0.145339755587,0.194871208941,0.0478097045779,0.0933290141723,0.0426153701278,0.269825859176,0.0733966734574
127,0.448931404681,0.0330127347744,0.0247011388963,0.013658740311,0.0729618508762,0.0282561184239,0.0688028065003,0.15628054522,0.033410977664,0.119983682653
128,0.98626406619,0.000516557495686,0.00676489230444,0.000777611791714,0.000144047332627,0.00150107959464,0.000355461645366,0.0018490450214,0.000305996011499,0.00152124261263
129,4.83779939344e-06,0.224608703058,0.0818198312685,0.33584709966,0.000566920100371,0.139139393978,0.00271673447047,0.00301666667065,0.204347945754,0.00793186724088
130,0.000143163744365,0.982613501103,0.000325775093091,0.00421363950858,0.00128429632672,0.00158177845034,0.00596728297812,0.000124944558343,0.00261139075288,0.0011342274847
131,3.21381983465e-06,9.632089239e-05,0.000782638933499,0.00262843520346,0.976145731319,0.00598274106096,0.0095780663585,0.000242118276439,0.00442165881403,0.000119075322197
132,0.823092439259,0.000298652955856,0.0041981417575,0.000419122259309,0.0257716214982,0.00675205371942,0.00467300214098,0.112877021108,0.00345759241013,0.0184603528916
133,0.851336972192,0.000567873523294,0.00599327939309,0.00798301843983,0.0138321942126,0.0105906610967,0.0130553488624,0.065461240536,0.00494968035904,0.026229731385
134,0.000278135458763,0.0155241740868,0.00380389327163,0.148252335221,0.304045177579,0.0802620299067,0.0945682981464,0.118423118545,0.150756152219,0.0840866855661
135,0.975512242927,0.000539873035495,0.0140328380029,0.00298552930944,0.00130590765192,0.00178945768548,0.000845971092294,0.000776568254543,0.00092382633045,0.00128778571029
136,0.00266244152189,0.00196277419553,0.00100043826397,0.9251096566,0.0108693153517,0.0379695323792,0.00421474584165,0.0126881885824,0.000666716744099,0.00285619051969
137,2.8842611841e-05,0.00513286530836,0.0323376610062,0.00637150143698,0.00183076236873,0.938434246894,0.00534142432041,0.000846817021295,0.00850149375543,0.00117438527624
138,5.61569340955e-08,0.000261674237855,0.942449446755,0.00647328492976,0.0125023264836,0.0191083425672,0.00104638224636,0.000373744948315,0.0139484118649,0.00383632980973
139,0.057596278234,0.00180799601676,0.148972098107,0.187776914958,0.0764394019093,0.0534605137452,0.197132785367,0.0438130006976,0.148948338666,0.0840526722988
140,0.687062787919,0.0229746662323,0.00324603343491,0.026286084565,0.0134539653639,0.0140098911266,0.0271764683038,0.172383099469,0.0129377848751,0.0204692187106
141,0.516942562607,0.0552088991499,0.0141025857417,0.0240044841612,0.0206911667455,0.0220675593152,0.0115555671209,0.278108729988,0.0379941172179,0.0193243279523
142,0.0942267822599,0.00630039714975,0.00682862940134,0.00263564311819,0.0464419825304,0.000777479451652,0.00385005425973,0.814132036559,0.0026170368852,0.0221899583846
143,0.0117336741645,0.205036612783,0.0128382878713,0.0135500317058,0.358501340769,0.016427420075,0.145581410568,0.200241012749,0.0319989583784,0.0040912509358
144,0.999058840938,3.290808149e-06,2.85101608476e-05,2.28360002235e-05,5.99442674269e-05,6.57196205074e-06,0.000196974174616,0.000577766299348,5.96334547911e-06,3.93020435889e-05
145,0.0755764241034,0.0227366488948,0.0300543850529,0.0461075051423,0.111449525362,0.20534030976,0.223662390845,0.0243911972468,0.0527689855333,0.20791262806
146,0.669028360483,7.30402718678e-05,0.000667909004071,0.000277246957799,0.00312753189221,0.00017792642587,0.00155510665309,0.286425353322,0.0339732937007,0.00469423128983
147,0.521425624109,0.347619637179,0.0034258863129,0.0165671272612,0.00660731785038,0.0164039059526,0.0396394364193,0.0208991542018,0.0237926663572,0.00361924435631
148,0.778489976011,0.00898222131461,0.00674971789682,0.0249655616147,0.0445388923933,0.0463761024638,0.0434600720748,0.0222455398537,0.0108251218258,0.0133667945521
149,2.89485951751e-07,0.00746077781645,0.0280626212601,0.000964239916545,0.871567199792,0.00476414603869,0.0218432488774,9.26048596865e-05,0.0642471751085,0.000997696844835
150,0.0625039995273,0.78837528512,0.0622982981194,0.00663910450631,0.0135664060368,0.00114763731321,0.00496197277348,0.0305886439752,0.0194809109624,0.0104377416656
151,0.26158497757,0.592777678803,0.00698018493325,0.0445093272615,0.0124302951871,0.00452742502192,0.0454302992554,0.00205645960621,0.0157498744774,0.0139534778836
152,0.318832628506,0.0011589886935,0.00884314408168,0.0992067761763,0.078278926805,0.0943067930315,0.0653017060617,0.200411915481,0.114456577203,0.0192025439611
153,9.76738849867e-05,0.985494512506,0.000404660749066,0.00789624811023,0.00240329788737,8.40844084596e-05,0.0010072250221,0.000437093696395,0.00188150201944,0.000293701715565
154,0.00016986089,0.292522947895,0.0199778054223,0.395337451304,0.0813111634879,0.00711591849468,0.130005346403,0.0204790612556,0.0182736620034,0.0348067828449
155,1.28679545917e-05,0.286938255333,0.0650037078887,0.0288979956849,0.0079970537211,0.572073669884,0.0174944846871,0.000440847631565,0.00937176747547,0.0117693497392
156,0.984958592876,0.00220068174854,0.000143430554989,0.00767937850851,0.000725618095138,0.000802746246988,0.000591458838318,0.0013800902636,0.000282199882473,0.00123580298573
157,0.00117556938752,0.00671031835148,0.0539901617257,0.00470910501729,0.241171542193,0.0604862530476,0.261629296102,0.32113905706,0.00834376569367,0.040644931422
158,0.127880023174,0.0739788080636,0.0121048619061,0.0183581463082,0.167345701915,0.0382611261562,0.0517736143124,0.411226302091,0.0349608949485,0.064110521125
159,0.630952738297,0.0162315327208,0.00716348283381,0.0250810405248,0.0534565020852,0.0273705087095,0.0335457125882,0.17904240565,0.0188237264722,0.00833235011917
160,0.0106430451289,0.0277175612767,0.118652377108,0.348834243102,0.149839924111,0.0936595269948,0.158604637699,0.00306114543687,0.0259012634623,0.0630862756814
161,0.494818503921,0.0135230047169,0.0325577130521,0.00400358292337,0.0538835658648,0.0369729773153,0.165581935496,0.127426698852,0.0362352440832,0.0349967737755
162,0.0152609764125,0.12432471273,0.030117620984,0.123684529319,0.106209544716,0.359875696283,0.149770605986,0.0126311843472,0.0642270349865,0.0138980942351
163,0.0164146373323,0.0047209482765,0.058507286464,0.0251252199656,0.196874775556,0.0579113002742,0.2077451092,0.289912325366,0.0795026347919,0.0632857627741
164,8.38270935083e-10,0.926863608784,0.00938512581068,0.0165261538554,8.71518570929e-05,0.0402823356748,0.00536343967081,4.66092469439e-06,0.00141399061428,7.35319695575e-05
165,0.00706700700538,0.00607438341741,0.0117456949079,0.417324941317,0.12132542255,0.0978564269023,0.066761832724,0.0538951109724,0.0578556151667,0.160093565037
166,0.02899700825,0.190033368051,0.0564147481498,0.0975073082093,0.0615483429277,0.0926497727115,0.0810596558833,0.0977733631306,0.253755297317,0.0402611353692
167,0.0198587624841,0.0238732023953,0.015842889951,0.03321805131,0.108428908432,0.0345723604867,0.0934075015241,0.488606418232,0.100741919357,0.0814499858273
168,0.754918044642,0.0166892752233,0.0374226917439,0.00569160165346,0.0306540749183,0.0313672087144,0.049521283402,0.031352947908,0.00691871161684,0.0354641601779
169,0.0199680064826,0.0209871770555,0.133531109897,0.175973453658,0.0319972880542,0.507524561716,0.0148084149865,0.0318729361566,0.0111606676674,0.0521763843261
170,0.00441661395541,0.0901314869827,0.00830607457077,0.170254669978,0.21156772014,0.164617875374,0.0544481856335,0.0648633846836,0.0970988382832,0.134295150398
171,8.37333135652e-05,0.962350487242,0.0124209466993,0.00752914888296,0.000187946473411,0.00080096419194,0.0153568547832,5.1029811105e-05,0.000469962911229,0.000748925691409
172,0.20492763035,0.00208455115406,0.00349160116773,0.042459752361,0.402684535617,0.162735733354,0.0149126299836,0.0715845463295,0.0378949071353,0.0572241125477
173,0.291998523028,7.35399814973e-05,0.00335246688531,0.0042835320955,0.0632130528701,0.0158886332809,0.00983198208028,0.593572973797,0.0118621777439,0.00592311823801
174,0.428129667897,0.0320045673525,0.0277725392419,0.0717355388768,0.0408951721785,0.239314184839,0.00510682743652,0.0760526280763,0.032263742099,0.0467251320024
175,0.984625074027,0.000138953023035,0.00827434247086,0.00155386039906,0.00128148119271,0.00120407857054,0.00118307165471,0.000391583631918,0.000676549931305,0.000671005098563
176,0.410875038135,0.508705416888,0.00110408984534,0.0156419319483,0.0148526945068,0.000862293033002,0.030143496574,0.0067260186115,0.00167719534724,0.00941182511046
177,0.372951918044,0.332119115656,0.0943618462595,0.00913107681932,0.00864581157512,0.0307319873922,0.00499970451522,0.0931761115977,0.0132554493242,0.0406269788168
178,0.744818562566,0.0225804137046,0.00501968463554,0.0111222813021,0.0923247271482,0.0459544258163,0.0210049193929,0.0268876468476,0.00839375245538,0.0218935861313
179,0.0108123673468,0.0936843397874,0.0489918049579,0.125502079579,0.0956446080944,0.0933476939469,0.00376597620272,0.11137338478,0.0119287804885,0.404948964817
180,0.633068791279,0.066299595095,0.0179672693635,0.0265598320183,0.00786803151118,0.0144302807149,0.103609242675,0.05647839814,0.00556531314994,0.0681532460528
181,0.775111738147,0.00158080809513,0.00617504579392,0.0405532941784,0.00405620641759,0.00333588123033,0.00542781040682,0.133295642329,0.00372571360807,0.0267378597935
182,0.956760550802,0.0033349758443,0.000995650024141,0.00712369433304,0.00164582642974,0.00331914859673,0.00139483247806,0.0195844154257,0.000418940975214,0.00542196509067
183,1.26828227171e-07,0.997702137866,0.00105474497374,0.000645486182152,0.000109012247967,4.02604362436e-05,0.000175872202555,5.16262050871e-07,0.000262260590088,9.58241131331e-06
184,1.16938680277e-07,0.0764782519495,0.184002178539,0.0407823230705,0.00113113017459,0.520573024244,0.168011031895,3.50754165679e-05,0.004820104103,0.00416676367034
185,0.0913178717787,0.166175309797,0.0233976329437,0.212229183611,0.125451116386,0.116013567577,0.115433408807,0.0563585096104,0.0653768573657,0.0282465421243
186,0.889642452842,0.00840528625335,0.00844379245654,0.00404928593061,0.0284280895238,0.00502387438452,0.00800770903936,0.012300476819,0.00832138412166,0.027377648629
187,4.9238281474e-06,0.00129733352394,0.90103158824,0.0292827800158,0.00745607581139,0.0191649192217,0.00564267697227,0.00778024221021,0.0237444476473,0.0045950125288
188,0.0520691360315,0.00018099208375,0.280808527427,0.110810682207,0.0256509010504,0.268536828561,0.0253203144418,0.165010154664,0.0184693019092,0.0531431616244
189,0.102032799795,0.0647911402787,0.0477087127652,0.147229628198,0.0798308499495,0.0116689482697,0.216898309937,0.103482824352,0.111937608954,0.114419177502
190,0.00557849583922,0.0255902361279,0.00372663862631,0.522138420173,0.0968028131869,0.0898431014824,0.0476245272299,0.0406247799995,0.00831998433767,0.159751002997
191,6.36484282912e-05,0.207862620878,0.0514470508802,0.156603436303,0.0821754088133,0.0181304821945,0.271937170873,0.0173818277833,0.0698365162736,0.124561837572
192,0.00097995230176,0.897446998736,0.00763138427127,0.0377587920497,0.0057158013745,0.00304748068952,0.00397667116287,0.00199806023235,0.00969769063988,0.0317471685424
193,0.567612357675,0.123548483602,0.0130978807887,0.00458910397983,0.0715975347723,0.0226721496594,0.0781354069817,0.0303424321608,0.0588748709446,0.0295297794346
194,0.000901948458493,0.000123614276388,0.128915362317,0.0129074548001,0.13579280702,0.0855926718424,0.0814269617618,0.00462297745174,0.514366002749,0.0353501993228
195,0.113225546529,0.00475813562961,0.00411611044897,0.0730071476401,0.237040908371,0.142912934022,0.166930288323,0.0573130646229,0.131815830137,0.0688800342762
196,6.69155553422e-06,0.00292639034764,0.980144320132,0.000440640770247,0.00171027436064,0.00371409958328,0.00183591932318,0.00109426202236,0.00550232228808,0.00262507961727
197,1.37008907499e-07,0.561469017106,0.432576255617,0.000582861856123,0.000526527874496,8.77376990979e-05,0.000556191542315,0.000118823128915,0.00367461675108,0.000407831416163
198,0.962862658491,0.0235246223338,6.16222564434e-05,0.000131591203211,0.00659506698952,0.000984578799353,0.00329176498426,0.000923845700227,0.000648036609184,0.000976212632687
199,0.0100868314732,0.888110668327,0.020551450114,0.0148998248098,0.000396592732205,0.000514058858067,0.0452483602045,0.00392476671511,0.00359604545967,0.0126714013069
200,0.921501366243,0.000615781559682,0.00133909723943,0.0206412830081,0.00760223473242,0.00401908610561,0.00129690860594,0.0352887577955,0.00188655816759,0.00580892654227
201,0.0824962158237,0.554631558036,0.0133696301538,0.0581155057939,0.000686925641808,0.00165696926273,0.264387899282,0.0133260843922,0.00680174129409,0.0045274703199
202,0.382037862784,0.035430890318,0.0513471090955,0.174557074679,0.0775137617266,0.0998502116426,0.0222688856725,0.0198403138669,0.115453962287,0.0216999279278
203,0.0056264042819,0.000513400966735,0.00148769610066,0.0955134097658,0.0999835799749,0.206579803141,0.419818500471,0.00704094867384,0.0035372249757,0.159899031648
204,0.843232371997,0.0782241240249,0.00630935587325,0.00411931235011,0.000760134730148,0.00522138739577,0.00802230630724,0.0023862787919,0.0122142612536,0.0395104672756
205,0.00226003262646,0.053128084354,0.150846880293,0.203715133148,0.0295380984854,0.113667736668,0.0199168553214,0.0306313271617,0.0230773631425,0.3732184888
206,0.230976799345,0.299221375007,0.017556206377,0.0120827302328,0.161271221788,0.052878309918,0.0640929097767,0.0290653633757,0.106154270632,0.0267008135475
207,1.89036860342e-06,0.341501567194,0.101270914208,0.0471419445234,0.00593889538781,0.157173149991,0.0159965935736,0.00291603797765,0.264544365125,0.0635146416513
208,0.563381069253,0.111251734998,0.0444063057886,0.0419375906177,0.0288564064922,0.0376662175186,0.0826063362198,0.0569981011085,0.0162921145071,0.0166041234966
209,0.00465612497513,0.171776489972,0.116898072195,0.100758531801,0.293808080017,0.00929284487762,0.122024436712,0.00718867404528,0.125108481974,0.0484882634313
210,4.01886603504e-05,0.00641691040653,0.902084365259,0.00578643940085,0.00659504756137,0.0500767129404,0.0102555163505,0.00887038877128,0.0081852586029,0.00168917204697
211,0.423042159825,0.0791067127571,0.0441440723386,0.124304616164,0.0263959478724,0.100782577809,0.0444404998286,0.107051525441,0.0224072622012,0.0283246257628
212,3.26811457413e-05,0.128495477926,0.0544505216089,0.56945792129,0.0732662425917,0.0605678881837,0.00825505042274,0.0075193417099,0.0844558297587,0.013499045362
213,0.00169949988027,0.0891796116513,0.0235982747185,0.402957350541,0.0831423879283,0.0850470793496,0.0291415909704,0.0533677639302,0.0687311339241,0.163135307106
214,0.921996682031,0.00454034585974,0.00223111078613,0.00404444808246,0.0318612150138,0.0074667401035,0.00305424181027,0.00836619202307,0.00649910694888,0.00993991734147
215,0.929037193925,0.00172836188185,0.0364252503683,0.000416734539501,0.00954876550855,0.000916817514038,0.0110417564636,0.00446145389595,0.00485337181067,0.00157029409298
216,0.674642026965,0.0164934678225,0.00353373848988,0.0464552754519,0.0647003213453,0.0380417042604,0.0274082535669,0.100245740013,0.0157369581702,0.0127425139146
217,0.974645714306,2.58615628339e-05,0.000885526886916,0.00199703090956,0.00680456879514,0.0034006331065,0.00417633894468,0.00476410997866,0.0010870472883,0.00221316822097
218,0.00377516170438,0.785880096003,0.0222010607887,0.0176397070866,0.0125061048697,0.00307503104556,0.0396810443877,0.0381222486327,0.0560414547437,0.0210780907377
219,0.214578300939,0.078276246375,0.0669571616046,0.126259109073,0.0595960558061,0.153710027888,0.0291246380514,0.029218707608,0.0669223056678,0.175357446988
220,0.717665814362,0.136122626195,0.00175851092029,0.0130248015254,0.0226015304671,0.0265424972732,0.0428652645407,0.0274297773781,0.00657807539457,0.0054111019438
221,0.00340149434121,0.0078947159413,0.26471731706,0.0275480821767,0.376375844799,0.0556254413329,0.0377675168522,0.149790955212,0.0703329056579,0.00654572662735
222,0.947427241131,0.000147934423948,0.00773560935185,0.0091199901677,0.00548163589685,0.00204241034543,0.00132001239298,0.016729798592,0.003653661836,0.00634170586216
223,0.863302835377,0.0649182538073,0.0056491116555,0.000910607197084,0.000861581264128,0.000336349291892,0.00403268647584,0.0450922913775,0.00233474856115,0.012561534993
224,0.674799004268,0.0115796940232,0.00983541145977,0.00864198261415,0.159084133137,0.015418273225,0.00831569762979,0.0820993382034,0.0220050003141,0.00822146512521
225,0.00867396789688,0.211160404657,0.111177335672,0.620895858211,0.000567663841387,0.0135526256283,0.0059660142548,0.000533284784416,0.00362494715042,0.0238478979043
226,6.35305102392e-08,0.399931942886,0.163912739407,0.00335330272321,0.0982007752754,0.156024487401,0.0240302144462,0.0188545632659,0.0976386787995,0.0380532322648
227,0.882510342345,0.000900625499096,0.0199939876167,0.0011298209365,0.0130561967489,0.0235172449464,0.0454020076513,0.00390082466646,0.0059395113986,0.00364943819107
228,0.000129322467258,0.211791589591,0.0209910249793,0.574714569203,0.0537052339264,0.0286216157109,0.00107282946406,0.00179105512969,0.0231208842582,0.0840618752705
229,4.36786912018e-05,0.0411225564901,0.904980339985,0.00175032253951,0.00331118956098,0.0166483911023,0.00357386219648,0.00939046446845,0.00563047164579,0.0135487233205
230,0.650508975528,0.0209613704756,0.029347081757,0.0258642708494,0.0989753525642,0.00391956430226,0.0677700269474,0.041428528475,0.0486697667905,0.0125550623107
231,0.0326978689766,0.0297295591505,0.406610083757,0.0506881267629,0.0362958722855,0.0491333952423,0.207514678167,0.0705620869919,0.0837755844674,0.0329927441986
232,0.000226529632362,0.00137865683095,0.304904578911,0.156402012537,0.115385929261,0.10162261311,0.0188568732363,0.142811494738,0.0819777883552,0.0764335233886
233,0.0393625980724,0.171706848941,0.0210136075575,0.478974210567,0.0687605100056,0.0380192142396,0.0447374147137,0.00497362750003,0.0491336228704,0.0833183455335
234,0.978923207151,4.92026106736e-05,0.00141307852772,0.00038491453884,0.00113004759128,0.000281691029674,0.00798955717414,0.00275234203204,0.0016977255949,0.00537823374993
235,0.724989106666,0.000309513079644,0.00195678511763,0.0279604504623,0.0972911277589,0.0904404836858,0.0202995534529,0.0127460562018,0.00820625658705,0.015800666988
236,0.275185680974,0.0181517851122,0.00359759405789,0.0408847209727,0.260495846103,0.0067724838528,0.165403326357,0.132181920953,0.0702173213315,0.0271093202853
237,0.00354828147835,0.039590389335,0.812287191139,0.0113187218905,0.0114980353267,0.0157485917463,0.024666198273,0.0233163462433,0.0290704257191,0.0289558188492
238,0.00192668560009,0.00136079662176,0.00797166830124,0.186844117189,0.702886404205,0.0741238117107,0.00902652217087,0.00559840491832,0.00765658517067,0.00260500411205
