Sample_id,Class_1,Class_2,Class_3,Class_4,Class_5,Class_6,Class_7,Class_8,Class_9,Class_10
1,9.2673404605e-05,0.020724150452,0.578928421345,0.0233743031816,0.0389644860686,0.0622543345336,0.160880662871,0.00599937573548,0.079774361129,0.0290072312787
2,9.40834920729e-06,0.00815746868698,0.125436371768,0.0193770263637,0.0509596204882,0.0138361749068,0.202871050033,0.00807501532204,0.560053554012,0.0112243100703
3,0.809087991669,0.0153699278791,0.00147377024088,0.00378195259628,0.0358153703012,0.00889584405286,0.0505916034475,0.044308535577,0.00786717794256,0.0228078262941
4,0.840203827544,0.0263804315063,0.0158707469351,0.0076891379567,0.0170584929741,0.00611823925966,0.00861463005127,0.0223300276219,0.0399111307304,0.0158233354207
5,0.97237039768,9.70948763648e-05,0.00065365491028,0.000522702845828,4.75185327463e-05,0.0157508632995,0.000140798614769,0.00713983190202,0.00168821616898,0.00158892116973
6,0.850106575117,0.000530655226368,0.00136072198941,0.00271492816228,0.0818799978645,0.0111124369578,0.0143799084697,0.0341883238974,0.00107909067587,0.00264736163937
7,0.00210945451656,0.0161881655827,0.0496689106506,0.0427655985391,0.322476873306,0.180098970093,0.0511117416639,0.014975984581,0.28158724931,0.0390170517569
8,0.332977073309,0.00686217738223,0.000738080227117,0.0132610469832,0.329067891631,0.00594028194502,0.0647450943795,0.191954861754,0.0285394411173,0.025914051272
9,0.994113790173,8.86042756873e-06,0.000259663890721,0.000194153079401,0.00263926580824,0.000384647029968,0.00102925884441,0.000647666988951,0.000201766007404,0.00052092775075
10,0.0830610858753,0.729976942027,0.0353325806819,0.0213122967083,0.0053768381983,0.0025677975253,0.0051313525635,0.0647179691214,0.0387191297162,0.0138040075827
11,0.849178203236,0.00375873645317,0.00985158888366,0.0028045013577,0.0314004550759,0.0296700111037,0.0441461295342,0.021561764586,0.0018224596956,0.00580615007424
12,0.000509783459286,0.00121527465025,0.0175369409166,0.0277832676235,0.75835350979,0.00244467449294,0.0430441378526,0.030679907536,0.00233176235669,0.116100741322
13,0.880006413376,0.0130364136824,0.0187794302024,0.00334422999886,0.00446081091556,0.0157839524865,0.0116998409456,0.00217170727604,0.037940192048,0.0127770090685
14,0.00483943933532,0.00187329517899,0.0306383133929,0.54894983781,0.0783478858264,0.0198989462009,0.0073510796821,0.141476455646,0.0254244694715,0.141200277456
15,0.212270426607,0.00706768318027,0.00812846483468,0.571120027764,0.0161463740382,0.124074707446,0.0313012290785,0.0103943246561,0.00429016765872,0.0152065947371
16,0.231817252015,0.0158257686292,0.00343837481244,0.0503105078352,0.0728920259878,0.00942091295938,0.143081186206,0.409783087578,0.00888525659742,0.0545456273782
17,0.00109954632982,0.0775801351744,0.394867437846,0.0208954259897,0.102794604953,0.105497219744,0.0256989489678,0.0421409321284,0.152975122922,0.0764506259444
18,0.990811551471,0.000235954933243,0.00196645052845,5.96755170166e-05,3.12759420478e-05,0.00510875365629,0.000181487710624,0.000406707719518,0.000990962576364,0.000207179945895
19,1.03391363626e-05,0.00308119408443,0.762946553017,0.0018320167724,0.0046590539793,0.132616565482,0.0137610671889,0.0365614534713,0.0363982012392,0.00813355562962
20,0.0264088083526,0.903620373784,0.00406269566841,0.0114393483898,0.00359714009135,0.00559727136902,0.00899163449369,0.000776380700092,0.0297696578717,0.00573668927908
21,0.000797579238123,0.513645168259,0.310111414833,0.00235834723755,0.00312279900461,0.015009243275,0.0447515920231,0.00178497441366,0.0258419474418,0.0825769342739
22,0.04950488624,0.0073337484265,0.149228247134,0.0625220138475,0.0323231973317,0.123602736612,0.213043893504,0.106203492742,0.111932573222,0.144305210942
23,0.148363436822,0.00627833618613,0.149489229236,0.22251734456,0.143887411999,0.0686729409559,0.0326341493371,0.104936548074,0.0222490923085,0.100971510522
24,0.119955580451,0.381294975686,0.00968498886245,0.0733465951442,0.00308304260189,0.108805528274,0.0408634331978,0.207208226443,0.0161104733799,0.0396471559589
25,0.477552659425,0.0921577312998,0.114678655686,0.00256567589258,0.00494227929801,0.0065213948556,0.0330145002088,0.247772342402,0.00823880226867,0.0125559586634
26,0.00170431449186,0.125522747091,0.0182315033905,0.528259913554,0.108927365147,0.0179374004933,0.108419240511,0.00615622499542,0.0152007849203,0.0696405054056
27,1.01422855399e-06,0.260426265751,0.47888201131,0.0447020470596,0.00291223489383,0.081358124097,0.0149938628376,0.00156541104544,0.103620511302,0.011538517475
28,0.0508504968996,0.000572422898016,0.0266869043132,0.0181194857003,0.0502507485788,0.0136825976701,0.0331163397055,0.699562218382,0.0635030229598,0.0436557628922
29,0.61363807367,0.000454160312422,0.0046900076054,0.00557208658113,0.0610068794819,0.0290652476184,0.0112743210462,0.214901040623,0.0378811331043,0.0215170499578
30,0.893177045025,0.00124280093723,0.00957549702302,0.00410523836658,0.0230179784643,0.0135900243078,0.00946390851659,0.0293845082363,0.0145911611759,0.00185183794702
31,0.00201979935875,0.0145684460015,0.00908275670012,0.712498007374,0.0148109152639,0.0225454687987,0.0365854850092,0.0166916136204,0.00546737023779,0.165730137636
32,0.939235688891,0.000408781852576,0.00641660455196,0.00136567366949,0.000567650693099,0.000138138021782,0.00368994156414,0.00487075151044,0.00236663034099,0.0409401389045
33,0.651772730053,0.0168853258511,0.00590646786614,0.00352267628186,0.00581783271553,0.00412234200754,0.0961091463412,0.174832881733,0.00675096181638,0.0342796353335
34,0.0177244960466,0.00665330552451,0.0317950008343,0.106791363879,0.0535514608454,0.183666474673,0.0247922621312,0.164043072571,0.317666852903,0.0933157105925
35,0.0257287254709,0.106006415423,0.0138133351214,0.683300374164,0.0109433892432,0.0270328449724,0.0199426156793,0.0224662497776,0.0103686065712,0.080397443577
36,1.71570618472e-06,0.0391503672203,0.0686916057207,0.0565104593795,0.0316614576727,0.759127172056,0.00136297957475,0.0042772086021,0.00649933333767,0.0327177007304
37,0.839024961316,0.00290018520065,0.00156558801721,0.112908790436,0.0118499426857,0.00584911392067,0.00381977881172,0.0164230395488,0.00083355929233,0.00482504077165
38,0.92125271025,0.000968022469378,0.00318786443578,0.00183876628766,0.0111818107809,0.00561195251482,0.00291907136726,0.0158938437341,0.0355860238728,0.00155993428709
39,0.979106751728,0.000392611048478,0.00205896051978,0.00253905605959,0.00235430406996,0.000665401262156,0.000261093724606,0.00545750950379,0.00215482930843,0.00500948277517
40,0.000520172539899,0.773876666895,0.0241010349515,0.0577275996538,0.0454127054364,0.0309288539637,0.0143247560342,0.00509454631358,0.0318826757419,0.0161309884701
41,0.707348171902,0.00494690487331,0.011222877537,0.00835657811871,0.0395665845139,0.0462949652943,0.0331138784013,0.0462105839922,0.0290990387064,0.0738404166607
42,0.0167759012382,0.734890152566,0.00790509765451,0.0213665793623,0.00853681031349,0.00324629436783,0.00940099379789,0.0472002416706,0.11248021981,0.0381977092189
43,8.34320851012e-05,0.000418876828936,0.569068531587,0.00285001180064,0.005482948553,0.0441120737123,0.0439235028662,0.0222488880864,0.0123648901493,0.299446844331
44,0.265282777344,0.0390542957837,0.112885368046,0.0722247636292,0.0433727211638,0.114806599542,0.0429406773679,0.213980346219,0.06410682268,0.0313456282247
45,0.693095495319,0.0329627540481,0.0138763742808,0.0523034166604,0.0199044176544,0.0118452140368,0.0669278590042,0.0157946294415,0.0363122717411,0.0569775678136
46,0.0377615959479,0.85166055701,0.00671182327595,0.0209472520222,0.0338207608338,0.00917667672321,0.0101236491808,0.0137561777446,0.0110716851858,0.00496982207541
47,0.167224333872,0.510215477987,0.023853246472,0.0682904212337,0.0471514118817,0.00476109206338,0.0800325449956,0.00606315699741,0.0673744166598,0.0250338978373
48,0.837998989896,0.016918972651,0.00302064458871,0.0222058322381,0.0356104001535,0.0159733461432,0.0328721906292,0.0033513020637,0.0169795022411,0.0150688193959
49,0.169727513664,0.00395123433527,0.00587068550521,0.164112272136,0.0385504134248,0.12772656686,0.00775078970642,0.459546569641,0.00286573097812,0.019898223749
50,0.105972657984,0.0364679884033,0.0156926151472,0.171245694974,0.0454884535364,0.277159099189,0.136214897242,0.0702189651959,0.103536821518,0.0380028068102
51,1.95378638572e-08,0.975150365933,0.0228832076791,0.000407254685037,3.6628333719e-05,0.000581351050978,8.3485410521e-05,2.02190280036e-05,0.000640919680565,0.000196548661371
52,5.21373009091e-06,0.00971941854284,0.586097869453,0.0516493917874,0.0496989564048,0.163928312242,0.00604107319301,0.0220702965318,0.106904096593,0.00388537152283
53,0.000727226843907,0.0135444128639,0.0156311671148,0.326112209115,0.0703761005646,0.060232142509,0.424084654369,0.0139353257721,0.0475205115155,0.0278362493317
54,0.598996438712,0.00508521383479,0.00236059248095,0.0250137710316,0.102573517449,0.00632626981484,0.0100951344491,0.221659568399,0.0112828696284,0.0166066242004
55,1.07677333027e-08,0.000579111014298,0.990995643022,0.000173976228807,0.000917645873878,0.00241906927072,0.000105679407409,0.000258581289943,0.004364334449,0.000185948676563
56,2.01797348365e-05,0.0261647780192,0.830546390943,0.0121368304172,0.0140493173515,0.0127145292926,0.00827638973845,0.00794194519739,0.0698979407076,0.0182516985979
57,4.726962953e-07,0.0134659255572,0.0126225705785,0.00975351958371,0.192428624417,0.081348564159,0.0996193282729,0.00527607053146,0.495387247774,0.0900976764305
58,0.855205879983,0.0147440683301,0.0289210847772,0.0033013047825,0.0310618531344,0.00185130241371,0.00521003508255,0.0259663468936,0.0201570695869,0.0135810550155
59,1.8297832372e-10,0.0090587450046,0.792337998879,0.00449086479176,0.0197702211929,0.13771567141,0.000231110556577,0.000105233100121,0.0357441377665,0.000546017115842
60,0.749230385792,0.0699829976164,0.0165300628364,0.015678747024,0.0197680821662,0.0413411082503,0.0157610984087,0.0550020129727,0.00409580611029,0.0126096988228
61,0.747702511241,0.00139014977648,0.0052583786687,0.0803100755262,0.0159612639689,0.0553562038747,0.0307965319653,0.0138156678093,0.0125715498641,0.0368376673054
62,0.987679518938,0.000306282093308,0.00191995423827,0.000577516222402,0.000848736014429,0.00149523867854,0.000486815858981,0.00191599159001,0.000309174922653,0.00446077144356
63,0.00469514187215,0.393030533554,0.00258100762861,0.411221413229,0.013671460353,0.0858121490804,0.0292434179433,0.031285071956,0.00905813438474,0.0194016699989
64,0.652191957505,0.000230120669382,0.0656793484518,0.0268080585893,0.00481635687632,0.0143064713929,0.0257265928104,0.0965020390035,0.103076369205,0.0106626854968
65,0.0528043005866,0.00706075460913,0.0211548992719,0.206110472539,0.118612678179,0.344067080854,0.0785309200732,0.0690567548144,0.0866992172789,0.0159029217937
66,0.846108526178,0.109383250301,0.000725175761729,0.00126909819639,0.0046950118354,0.000686427548973,0.000657710616124,0.00303004928296,0.000676094559481,0.0327686557194
67,0.700674587815,0.0103074147153,0.0129472914299,0.0213824269255,0.00102395994038,0.0435936068117,0.00182507080641,0.159549185323,0.0337097250863,0.0149867311464
68,8.18332702624e-05,0.654280690427,0.000891885798975,0.287876665614,0.0111036933907,0.00703819434729,0.0317137175831,0.00118866044365,0.00151035068891,0.00431430843614
69,0.000473810973919,0.711133537274,0.076891674385,0.0754017515869,0.0559000146825,0.0256420823371,0.0165980010437,0.00170473941375,0.0236247633156,0.0126296249874
70,0.203985376051,0.139537688776,0.209126837584,0.0707910173778,0.0366267413712,0.0295173374064,0.0234607218575,0.100866126097,0.071312061075,0.114776092404
71,0.997339039559,1.55958356542e-05,0.000118877974442,6.59574996246e-07,0.000192446903319,7.77646218118e-05,4.95712161569e-05,0.00174787774755,0.000116502505144,0.000341664061487
72,0.116482446944,0.0168232627963,0.00940439709366,0.0294476109123,0.323795194043,0.0301027908437,0.100395647217,0.279215890074,0.0407744471227,0.0535583129533
73,0.317916065519,0.00530174125309,0.00938268902468,0.0386958190148,0.0227251827837,0.144144259996,0.00436933008813,0.401828153051,0.00647968672619,0.049157072543
74,0.00387334562488,0.00697533921371,0.051595383913,0.03462655179,0.218951080528,0.0872181237593,0.342086972763,0.0238380430381,0.0132616687086,0.217573490662
75,0.313711022283,0.00080102555086,0.0157318382647,0.00180131981584,0.00650700095846,0.002226142508,0.0183185165431,0.603540672121,0.0253461631569,0.0120162987983
76,1.65699811692e-09,0.957320874779,0.0416085583086,3.29180204677e-05,4.01835670548e-06,0.000338103239241,4.01793590959e-05,1.03561188666e-06,0.000614844350489,3.94663176842e-05
77,0.701169338956,0.233600028292,0.00479192290865,0.00182040056221,0.00055134947499,0.019057107443,0.000614478075074,0.0361391162136,0.00102434380472,0.00123191426944
78,2.74316774126e-06,0.125938439896,0.482363819501,0.0367967300683,0.00959352186894,0.155985380423,0.022913258211,0.00437533103479,0.138574137091,0.0234566387382
79,0.000238142202808,0.00639237593744,0.0508601116624,0.0195056061751,0.0301505672033,0.228839034548,0.0665375934366,0.00362969046285,0.576075985368,0.017770893004
80,0.0332153427695,0.106834855079,0.0351489746006,0.0839787004248,0.0357843236663,0.0421857013748,0.0646201726515,0.102338966362,0.136166668469,0.359726294603
81,5.34807867562e-06,0.0265539356169,0.451083136724,0.012205113154,0.00142616508744,0.370728393819,0.000693319541339,0.000154007299679,0.108741064036,0.0284095166431
82,0.457326047093,0.00929189892475,0.00619872132833,0.0256718931267,0.0325617487323,0.0123426658929,0.146731085111,0.226857527388,0.0701265830467,0.0128918293572
83,0.654921423982,0.00564344384694,0.000848672109632,0.00964092903944,0.0147497895754,0.0104150251869,0.081839433581,0.0508669391046,0.126275198662,0.0447991449125
84,0.0476524714776,0.454504963214,0.0165728983761,0.364101577023,0.0125451927187,0.0269980874011,0.0277065867325,0.013750177302,0.007243783473,0.0289242622826
85,2.91217655973e-10,0.00248583594249,0.7457193735,0.00263609285896,0.0010859283114,0.0144193921957,0.00296158573651,5.59023335202e-05,0.230387023052,0.000248865778785
86,0.748313555916,0.000788291018669,0.00937419373466,0.00748866810063,0.0485576485977,0.00326490964655,0.0760183036351,0.0523124084478,0.0118426178891,0.0420394030137
87,0.00798436464217,0.0440040721682,0.00967290490747,0.674881019161,0.00519519846385,0.0185730009544,0.138265060472,0.000167535842582,0.0016571354859,0.0995997079026
88,6.92504376366e-07,0.287615618238,0.221419469293,0.01850646089,0.0041861188324,0.418221082098,0.00650411834185,0.00129373520183,0.0186162350594,0.0236364695398
89,0.0221349012422,0.000331714163961,0.0295487429478,0.114400896709,0.0129511044392,0.0166774381001,0.0161674062909,0.72469756998,0.00500468998062,0.0580855361462
90,0.512207935075,0.00666372167323,0.0254673008862,0.0532979843267,0.0243829852244,0.0291777284479,0.0672656283876,0.198507300792,0.0414019151024,0.0416275000844
91,0.412967004834,0.0077294146466,0.0207964383586,0.0626125890869,0.0209215503142,0.187211426994,0.025780080947,0.0398128479676,0.0155210518677,0.206647594984
92,0.000381915318402,0.414568453656,0.415785802206,0.0238373390503,0.0257486462469,0.00819917327868,0.0375936545616,0.0124052039562,0.0473991254266,0.0140806862987
93,0.656998084438,0.0326741500842,0.019940982166,0.00611359395832,0.0864261796364,0.0119248180729,0.0423951336732,0.0285373291589,0.0797022980254,0.0352874307871
94,0.984259349766,0.000138639116127,0.00367130228986,0.000140060791371,0.000841117549856,0.000239579744058,0.00022863090813,0.00657777682871,0.00277153151014,0.00113201149594
95,0.655919128365,0.0469384514058,0.0102486030675,0.0275196285112,0.162143163514,0.00491562972955,0.054556554653,0.00606409455269,0.0248478460335,0.006846900167
96,0.754506071258,0.00249292827928,0.00285284202156,0.0390480182305,0.00716427434638,0.0181984977294,0.0569654903889,0.0764251412992,0.016204182996,0.0261425534509
97,1.47255787821e-06,0.00108241831088,0.00451221675064,0.00357528689434,0.949834747526,0.016635931312,0.00987876205685,0.00190754029459,0.00953675934844,0.00303486494847
98,0.000464952808816,0.15966299742,0.106442757549,0.218531151074,0.0699938563808,0.207698327369,0.097509020865,0.0817293983966,0.0286760761085,0.0292914620285
99,0.0102927750503,0.650434819753,0.0342809323046,0.00863234934339,0.0927998276474,0.0225731886649,0.121322180134,0.0289347150052,0.0238387589313,0.00689045316612
100,0.00208257907925,0.000962037057599,0.225097270465,0.113685965814,0.0833438020901,0.0668731716525,0.0578106150894,0.197980196671,0.20057950803,0.051584854051
101,0.796295969802,0.00174963603636,0.00385202988233,0.0049494288094,0.0837433006711,0.00590552882444,0.053459096491,0.0282322574636,0.00342816712034,0.0183845848993
102,0.00530328172421,0.00454984688281,0.00338565743938,0.524589953011,0.10031064638,0.0246597811209,0.171089444487,0.0161295011012,0.0271603997222,0.122821488131
103,0.0538625233579,0.00448523885072,0.00415664531874,0.124959019835,0.510853097851,0.0339003841828,0.0548092990752,0.0145562725709,0.078898155579,0.119519363379
104,0.802257934622,0.0157393807135,0.010597747871,0.00867281764049,0.0525667168849,0.00823107416302,0.047707673971,0.0324953596966,0.0101894606465,0.0115418337905
105,0.000230648643662,0.0954658868888,0.00203280572133,0.490843703969,0.0799554554896,0.00130321629273,0.236071718201,0.0164220756635,0.0710014146614,0.00667307446878
106,0.540769255524,0.12556182598,0.00470843769516,0.00194020937741,0.023174542684,0.00531334443111,0.0030806143577,0.241878438376,0.0472855542945,0.00628777728001
107,0.615310857242,0.000418358336187,0.00135681844437,0.00756206211963,0.20139619784,0.0115353052586,0.0108808112008,0.104615017427,0.0219915016771,0.0249330704543
108,0.990850495954,0.000162778288773,0.000116423303222,0.00213806978943,9.20048125646e-05,0.000804246183021,0.00149659588985,0.000222041465572,0.00260202902679,0.00151531528643
109,0.000315936883196,0.460142774969,0.0299859654152,0.215206931086,0.030646956549,0.0217236631086,0.0473215248133,0.00563995552882,0.167680265758,0.021336025889
110,0.168071402415,0.000676628797514,0.0146058274907,0.0624841626011,0.00763599237982,0.00525282727044,0.00263318000382,0.724746956389,0.00170813092002,0.0121848917321
111,2.95376441551e-05,0.0513313438088,0.816591762816,0.0469587515786,0.00130564709194,0.0149590613591,0.0150458127002,0.0174122196297,0.0228284186349,0.0135374447369
112,9.00498441042e-10,0.993637312454,0.0046515760777,8.81125321507e-05,8.80607959834e-06,5.2135935031e-05,0.000451642911039,6.2768339424e-05,0.000979871527261,6.77732430254e-05
113,0.873209950491,0.00435367722129,0.00336018192291,0.0012359531668,0.00335083580197,0.00955738172606,0.00685480822705,0.0496352806244,0.0387305189815,0.00971141183654
114,0.820523582489,0.0017491355169,0.00846359694335,0.00307741992837,0.0142239224146,0.00190263218183,0.0167577698035,0.104028433419,0.00542790999058,0.0238455973122
115,0.974410847035,0.000509329482751,0.00760049356937,0.000216286861879,0.00290305703446,0.00220093393426,0.000869460959106,0.00510793479132,0.0056005216087,0.00058113472305
116,0.0412750952469,8.50067415224e-05,0.00281277554412,0.326660455569,0.0236513941532,0.0406482877643,0.0654516235436,0.42856859282,0.0163445044534,0.0545022641645
117,0.371299776682,0.018267454804,0.15628397697,0.0183568087494,0.0226317235593,0.00534382989761,0.0550825754253,0.00964951966948,0.3008185028,0.0422658314427
118,0.993318616203,0.000168864662163,0.00183189505363,7.25254194128e-05,4.8619561688e-05,0.00113518915423,0.000554137021155,0.000484704862834,0.00074285761774,0.00164259044459
119,0.951289298656,0.000414139246254,0.00236933794574,0.00197315707385,0.0207276170526,0.00257790220978,0.0105876546623,0.00294069803398,0.00402641803511,0.00309377708445
120,0.106383041058,0.0381456477178,0.42103164124,0.00905879257239,0.0222092100596,0.00542748307332,0.0114916208613,0.13764397444,0.0926575008375,0.155951088141
121,0.791203556491,0.00333418000907,0.0154681480148,0.0014535991781,0.00123855005743,0.0027348482497,0.00441554583087,0.174968783564,0.001542768484,0.00364002012041
122,0.993198595757,9.65397879139e-05,0.000145360302216,0.000462168100025,0.000748909555491,0.000215761437114,0.00109228373097,0.00124065622023,0.000760047528088,0.002039677581
123,0.00587706058957,0.655017592916,0.0178723455606,0.0793488287704,0.114328976107,0.058731723135,0.00281529039501,0.018533239695,0.0321627385139,0.0153122043173
124,0.993431026914,0.000535094546872,0.000225046254077,0.000114847341437,0.000771356229833,0.000591039782657,0.000954057530153,0.00168100424178,0.000892445596958,0.000804081562442
125,2.25661989536e-05,0.0287167380082,0.776401984865,0.00996502071136,0.0617742205433,0.0357530357961,0.0623024977929,0.00239820260967,0.0184703803221,0.00419535315231
126,0.00033667737199,0.0522258178263,0.0789798468958,0.151636420638,0.195388726792,0.0458829377908,0.0885095092908,0.0410235385475,0.273770191704,0.0722463331422
127,0.456709073941,0.0324251240411,0.0248714494231,0.0133850187583,0.0704596364452,0.0276611182379,0.0683038256864,0.153385720754,0.0325598111677,0.120239221545
128,0.986533364143,0.000502221229369,0.00663860542163,0.000788906178918,0.000136806171603,0.00144378257776,0.00036128160797,0.00181325799816,0.000297384260898,0.00148439041028
129,5.10559155751e-06,0.224829552195,0.0875844917336,0.325332951405,0.000565126122806,0.146953120375,0.00264778324702,0.00313357880953,0.200398464878,0.00854982564242
130,0.000142032657924,0.982303964339,0.000344413601704,0.0043801479346,0.00122483068181,0.00163516652537,0.00608721593913,0.000136695459191,0.00262653955172,0.00111899330945
131,2.9395915839e-06,9.47649877265e-05,0.000776820987259,0.00279766015403,0.975791035206,0.00624832072064,0.00953311818407,0.000245715704529,0.00438838710758,0.000121237356591
132,0.8189990461,0.000331519209391,0.00436906802186,0.000441425747547,0.0258188093032,0.00694285783846,0.00517765487627,0.115402253334,0.00368001091316,0.0188373546567
133,0.853909105538,0.000583706019203,0.00601710743695,0.00800286703561,0.0138031809456,0.010421229861,0.0129078664096,0.063258632706,0.00470718770225,0.0263891163454
134,0.000295808804375,0.016107695301,0.00382206839128,0.143349708633,0.30285674016,0.0807348626485,0.0944326843505,0.121626005445,0.150012302549,0.0867621237179
135,0.975199603743,0.000567297372324,0.0139080659902,0.00305504040285,0.00145714993894,0.00183544294242,0.000882832185547,0.000819825681471,0.000957417914278,0.00131732382902
136,0.00273524913481,0.00208303334143,0.00102219651243,0.922965397015,0.0113307329995,0.0389884941349,0.0043989435611,0.0128807106118,0.000682054209503,0.00291318847957
137,2.52518783275e-05,0.00496622047738,0.0330667574727,0.00628167590503,0.00178590495224,0.938106938509,0.00550842473844,0.000849223622162,0.00821890720688,0.00119069523821
138,5.57361675527e-08,0.000278940279962,0.94131373542,0.00719807562458,0.0128712652306,0.0182625498608,0.00109594633231,0.000384551518652,0.0146500686283,0.00394481136877
139,0.0534360332996,0.00180102703497,0.145728113148,0.195232090564,0.0795189925664,0.0558756685421,0.189430348717,0.0451394340162,0.148727274981,0.0851110171313
140,0.671533522538,0.0234494755934,0.00333642383954,0.0293290717734,0.0148442526547,0.0145275841904,0.0289411869687,0.178438181254,0.0139142326311,0.0216860685566
141,0.520714993851,0.0555629867493,0.0138783557525,0.023511634777,0.0213463351487,0.0229855444519,0.0117873210617,0.27164308638,0.0395887571321,0.0189809846959
142,0.0937136605921,0.00591677973974,0.00700677226164,0.00260119382342,0.0445871477252,0.00077507160614,0.00386877730541,0.816553476138,0.0029513585363,0.022025762272
143,0.0126692558433,0.217708931887,0.0127506170892,0.0144084060874,0.346342393307,0.0157565946585,0.139424475215,0.204621702178,0.0321868826913,0.00413074104312
144,0.998977092798,4.12635650843e-06,3.2997190931e-05,2.50470801973e-05,7.08567535668e-05,7.7292279558e-06,0.000215798763906,0.000615437577056,6.89381918434e-06,4.40204331274e-05
145,0.0768232016215,0.0218949468406,0.0309291588292,0.0487129913108,0.111365857959,0.201247754609,0.222044782837,0.0246626722309,0.05294806038,0.209370573381
146,0.673777238973,7.95003080289e-05,0.000682075165277,0.00027625395127,0.00321763657315,0.000187177485994,0.00162229511715,0.280927001899,0.0347071462839,0.00452367424358
147,0.541446570938,0.331276479975,0.0031380089266,0.0168729735375,0.00634903548412,0.0155624411188,0.0382942388194,0.0193850357303,0.024215866719,0.00345934875049
148,0.776942838518,0.00866255864025,0.00668217596581,0.0244511829267,0.0457315654813,0.0482519881381,0.0440149075579,0.0212352149561,0.0108749172141,0.0131526506018
149,3.02054764271e-07,0.0077900373784,0.0299722274893,0.00107266285282,0.866179675327,0.00493939798623,0.0221758868193,9.8417901442e-05,0.0667498091802,0.00102158301036
150,0.0676027579662,0.775360007832,0.0660669571923,0.00742962785187,0.0140239729148,0.00124646243284,0.00566117882336,0.0313200365944,0.0193917718726,0.0118972265194
151,0.268529995409,0.586615775499,0.00680523119324,0.0428993771847,0.0128165394953,0.00465503358871,0.0444394738726,0.00218410724906,0.0166112958274,0.0144431706811
152,0.323975042612,0.0012078714852,0.00898534319699,0.100464052243,0.078942046976,0.0935887480322,0.0641279660351,0.192830581805,0.117021093871,0.0188572537433
153,9.97397462024e-05,0.985931075582,0.00040128498402,0.00752521274125,0.002329171828,8.13283365819e-05,0.00104905144585,0.000445645803315,0.00184014726659,0.000297342265936
154,0.000190225100827,0.289269296361,0.0195912376772,0.393964712835,0.0831813658189,0.00694299926682,0.133411408108,0.0197232449476,0.0188863990385,0.0348391108467
155,1.4138822689e-05,0.276071398118,0.0628390697199,0.0281196275772,0.00796882028818,0.585034591717,0.0177721984664,0.000451833710256,0.00950191186359,0.0122264097174
156,0.984870351934,0.00216843477618,0.000143033785582,0.00782360751255,0.00070291466603,0.000789924601334,0.000596646625221,0.00138739622051,0.000289856527738,0.00122783335051
157,0.00110779481908,0.00609358081843,0.0532248531772,0.00481548349251,0.23619279335,0.062303588669,0.272375157722,0.314773536644,0.00900644506917,0.0401067662381
158,0.140188044771,0.0756925177923,0.0122967544481,0.0184943795387,0.16430969757,0.0386760501973,0.052862765001,0.397614134153,0.0354590763682,0.0644065801598
159,0.626587735558,0.0158937661214,0.00727875761883,0.0263554119962,0.053967840855,0.0282576302801,0.0341937630899,0.179106709187,0.0199093911607,0.00844899413295
160,0.0106954048037,0.0282181569025,0.119503519191,0.354650983533,0.147417021448,0.0920519004313,0.151617702819,0.00319002568963,0.0261473373004,0.0665079478811
161,0.481201608327,0.0138682876845,0.0332222710469,0.0041020389848,0.0554050377998,0.0381265154516,0.16778066231,0.134317226774,0.0365906784981,0.0353856731239
162,0.0143322341676,0.119588272992,0.0301219811264,0.125866942717,0.104853254626,0.364334052716,0.14780871079,0.0131438668327,0.065762623591,0.0141880604416
163,0.016149029153,0.00482881360114,0.0583837475659,0.0245025197524,0.195839573582,0.05631454749,0.209857639102,0.289659407844,0.0814772922813,0.0629874296276
164,8.21551131169e-10,0.921779570414,0.0103136396312,0.0167235673359,8.50857115382e-05,0.04378917512,0.00572080894347,4.95695077344e-06,0.00149608631846,8.7108752886e-05
165,0.00730378737089,0.0060475049248,0.0115163387803,0.412462324895,0.123001688083,0.0987562501907,0.0675858325558,0.0534893605775,0.0588754436935,0.160961468929
166,0.0292155457304,0.186699166159,0.0564342495662,0.0943444392048,0.0619536721433,0.0968448673753,0.083988841054,0.101752028519,0.2490793293,0.0396878609475
167,0.0204743302179,0.0234658650367,0.0162118404562,0.0336950722684,0.113910196978,0.0349692971432,0.0938953931864,0.482217972405,0.100947663485,0.0802123688225
168,0.755642143662,0.0159107887058,0.0366366231167,0.00573149878566,0.0293731113763,0.0314080662527,0.0501270730843,0.0320995846488,0.00682791865498,0.0362431917126
169,0.0202734583599,0.0211333328032,0.13178310281,0.167256671293,0.0314788770801,0.51739070394,0.0149217890367,0.0323456746705,0.0105266080015,0.0528897820057
170,0.00458335187544,0.0901197880675,0.00824457659456,0.17336953056,0.210546116861,0.166725154407,0.0562199549335,0.0662005208923,0.0893304862246,0.134660519585
171,9.12373372148e-05,0.960963695996,0.0137620263963,0.00770306831226,0.00019943431434,0.000843114927113,0.0151544867328,5.58414572556e-05,0.00046648698211,0.000760607544108
172,0.208472176219,0.00213087219162,0.00367057076992,0.0433737300355,0.397565627261,0.162593682439,0.0155321232623,0.0706604404094,0.0387766317439,0.0572241456685
173,0.305682439025,7.96041264751e-05,0.00342838770051,0.00463614510357,0.0647131287781,0.0161270063707,0.0101457306466,0.576720368481,0.0121422272718,0.00632496249581
174,0.394059421359,0.0315195643888,0.0281095302682,0.076958986204,0.0426802015901,0.254435689521,0.0057262456107,0.0835092327841,0.0343817378945,0.0486193903804
175,0.984165844581,0.000146084574951,0.00854342865861,0.00162402675957,0.00123802170065,0.00121635128824,0.00126147779811,0.000420870300074,0.000696178579792,0.000687715759175
176,0.419697716195,0.496064062809,0.00113181317392,0.0157685575989,0.0156894428347,0.000931889340863,0.0316410781562,0.00723445613081,0.00178029288475,0.0100606908763
177,0.383674221713,0.321136772386,0.0929341269493,0.00971207843625,0.00893946880983,0.0299108297948,0.00519362935413,0.0941185302147,0.0133664759209,0.0410138664215
178,0.747666669603,0.0219932845494,0.00501558333307,0.0112905266788,0.0904295508675,0.0462715410826,0.0216997959619,0.0266344533869,0.00833298325289,0.0206656112844
179,0.0121378761414,0.0964584042811,0.0480219513379,0.120694989785,0.0926024123383,0.101213602199,0.00381116051788,0.108965419439,0.0119058521951,0.404188331766
180,0.63605528269,0.0625311540321,0.0174917670535,0.0271317820051,0.00779440776569,0.014249144855,0.101829288963,0.059869978856,0.00569559832898,0.0673515954506
181,0.788758538081,0.00153032551436,0.0059500853781,0.038709784271,0.00398934811045,0.00317561791448,0.00534890363741,0.122725087161,0.00379124583996,0.0260210640918
182,0.951367475815,0.00373606286647,0.00106680517655,0.00809818508072,0.00183182691343,0.00361735809699,0.00151980817156,0.0224242510565,0.00042490234524,0.00591332447787
183,1.34420798506e-07,0.997636443327,0.00108590888931,0.000645414033982,0.000113462613934,4.19872623777e-05,0.000187847577681,5.56712339001e-07,0.000277961717501,1.02834451174e-05
184,1.14600569063e-07,0.0781252413209,0.184295271258,0.0399255574819,0.00113501632343,0.525151202239,0.162316988368,3.72229632912e-05,0.00471226558,0.00430111986449
185,0.0900700283401,0.169162114551,0.0234189732462,0.214517034348,0.124832010133,0.112347773152,0.116250385748,0.0545349760035,0.0660301303311,0.0288365741467
186,0.887474439608,0.00872277573893,0.00842152131549,0.00428435422411,0.0288167166692,0.00509926197716,0.00801350503896,0.0122474057503,0.00795868900497,0.0289613306724
187,4.88490397914e-06,0.00127810312928,0.901220086491,0.0299414379712,0.00733575059582,0.0186720233113,0.00553967069076,0.00770660177513,0.0236983279188,0.0046031132124
188,0.0472819591978,0.000194424808666,0.279495090118,0.114840077363,0.0252437925621,0.271061072132,0.0254128578558,0.163860586919,0.0182236078545,0.0543865311891
189,0.108745274858,0.0634865077992,0.0481263252455,0.146803719834,0.0833278229225,0.0114036325778,0.208368736139,0.103374942199,0.111168446808,0.115194591617
190,0.00565991646873,0.0252127261627,0.00358050775158,0.527464782695,0.0966292433091,0.0867473651912,0.0477352959381,0.0416664195701,0.00836630715756,0.156937435756
191,6.62618280335e-05,0.201981800858,0.0499902901014,0.156254084284,0.0812321437852,0.0179865457458,0.284320585699,0.0174513957854,0.0686207912633,0.122096100649
192,0.00100848730515,0.901143465584,0.00756050928286,0.0354983545179,0.00595216632867,0.00288160210305,0.00402914852164,0.00205402994544,0.00985330825359,0.0300189281573
193,0.561866657817,0.122735490911,0.0135248425157,0.00459647334757,0.0736710117199,0.023248712942,0.0782183600373,0.0306801837692,0.0612252302454,0.0302330366944
194,0.000874583094388,0.000126430610645,0.129419765428,0.0134448946845,0.136461683566,0.0866981757749,0.0797476720728,0.00484713905111,0.51091865191,0.0374610038072
195,0.113740898133,0.00479451190193,0.00418283651388,0.0742169617338,0.234123866926,0.145338420168,0.164909820234,0.0569411598639,0.130210292411,0.0715412321147
196,7.65529213521e-06,0.00296714625111,0.980254142283,0.000429333390563,0.00179269956677,0.00370916868299,0.00178107563392,0.00110525475981,0.00527518801164,0.00267833612835
197,1.38965520027e-07,0.559395209324,0.434538830788,0.000594271211844,0.000533861923692,8.72336169319e-05,0.000530374304239,0.000121003726637,0.00380717860718,0.000391897531173
198,0.959429534372,0.0258837151017,7.03170361027e-05,0.00014625517377,0.00708051763625,0.00103919438613,0.00356283089496,0.000997439513573,0.000721881572856,0.00106831431231
199,0.0107880910063,0.888303953261,0.0196128186247,0.015203455179,0.000402366805512,0.000515922871346,0.044185608989,0.00434089702477,0.00370190169232,0.0129449845463
200,0.923218489566,0.00059787633518,0.00128648888154,0.0202557804241,0.0074680607216,0.00415518893008,0.00131692904077,0.0342712068658,0.00188598527777,0.00554399395741
201,0.0860240923674,0.550852244116,0.0136179316529,0.059850464762,0.000737068259256,0.00168465408148,0.263246818891,0.0132989460212,0.00631114016842,0.00437663968014
202,0.387884212228,0.0354585410102,0.0509213949903,0.171398239958,0.0773537937908,0.0978021246391,0.0221577374713,0.0200743281406,0.114348306134,0.0226013216379
203,0.0063073161817,0.000515825334018,0.00164366249203,0.0988160626073,0.0980478694881,0.200923179273,0.422313743242,0.00748402856004,0.00365503419682,0.160293278624
204,0.847416580358,0.0740380212417,0.00637145416586,0.00383735263584,0.000757131213588,0.0054345633122,0.00827385750322,0.00230604859002,0.0120257964529,0.0395391945264
205,0.00230235044865,0.0529327960038,0.146807563677,0.202775828443,0.0293350119649,0.116761766077,0.0195701453501,0.031804497274,0.0226548916129,0.375055149148
206,0.227988743769,0.31242619069,0.0170184743857,0.0118704145401,0.154245206836,0.0528463962609,0.0597750654336,0.028315443461,0.110513870576,0.0250001940467
207,1.87302102256e-06,0.331930098807,0.103538135909,0.0478810764807,0.00596214796019,0.158113854952,0.0168524254816,0.0027628530093,0.270383229912,0.0625743044663
208,0.564629112316,0.114896730541,0.0434658885831,0.0409853524901,0.0287635234283,0.036337823026,0.0807340285017,0.0574353938909,0.0164950466894,0.0162571005335
209,0.00459453255582,0.166995537911,0.114665646976,0.100719374403,0.295624590592,0.00915940457057,0.125846386976,0.00712487991069,0.125535330596,0.0497343155075
210,3.8575657448e-05,0.00619479592686,0.903534979383,0.00596050800961,0.00648456978099,0.0491720657656,0.0100914438265,0.00894314293404,0.00793944452493,0.001640474191
211,0.404006549418,0.0768078330505,0.0461978858651,0.127564486581,0.0267982912062,0.1082580649,0.0448996178714,0.114938730507,0.0226149253933,0.0279136152076
212,3.55039139633e-05,0.128405184512,0.0541479185028,0.568503488557,0.0742281147361,0.0619635413709,0.00834871424548,0.00765633567404,0.0829797892813,0.0137314092068
213,0.00170200574416,0.0908971250778,0.0240783189411,0.39867751297,0.0831676626373,0.0874235213791,0.0287890478784,0.0548145791132,0.0691654434397,0.161284782819
214,0.920363256187,0.00461815096658,0.00224864293931,0.00403392446809,0.0320090107409,0.00759804632963,0.0031123610683,0.00889555274306,0.00659855124228,0.0105225033151
215,0.922188371992,0.00205310448302,0.0398087610887,0.000457227214083,0.0105450118906,0.000985990471165,0.0119262102047,0.00485301763532,0.00546816945065,0.00171413557008
216,0.664528074257,0.0172486341367,0.00373189571934,0.0460136777096,0.0665543579341,0.0394417624763,0.0278331373806,0.105089011898,0.0165374733713,0.0130219751165
217,0.973494426488,2.76669278684e-05,0.00089091745408,0.00210670785077,0.00710172059839,0.00359025234055,0.00427231089296,0.00507227726933,0.00110594908274,0.00233777109527
218,0.00377308062954,0.795321621363,0.0211616627456,0.0166803263183,0.0125598158487,0.00309829894237,0.0369662379456,0.0344195014584,0.05586024209,0.0201592126582
219,0.210456291092,0.077508173105,0.0667534088167,0.124049389014,0.0599307136916,0.157586618643,0.0304004621426,0.0303857847957,0.0649764368488,0.177952721851
220,0.710196681237,0.137747902303,0.00179534191513,0.013522013072,0.023611558861,0.0278062641204,0.0437590557089,0.0290002078438,0.00703720654163,0.00552376839661
221,0.00347279101007,0.00850824726694,0.273205302956,0.0294513458352,0.372146998036,0.0565389049987,0.0379715162792,0.14090584262,0.071188329217,0.00661072178046
222,0.945935263562,0.00015773253201,0.00781146757729,0.00971311723197,0.00566255503227,0.00209959724179,0.00134347349839,0.0169720213884,0.0037208560512,0.00658391588496
223,0.868139884484,0.0622325589645,0.00552665662006,0.000911112163995,0.000885691863266,0.000332518350323,0.00408450167732,0.0433810419099,0.00225314714171,0.0122528868246
224,0.678690026801,0.0123469522341,0.0094514974615,0.00854908260603,0.156581128344,0.0153090031293,0.00823204949887,0.0802288408961,0.0223435110205,0.00826790800858
225,0.00862401973161,0.198081162716,0.112140488168,0.633092059266,0.000525534199138,0.0137394121175,0.00599506308773,0.000559659392521,0.00362449448509,0.0236181068366
226,7.80273185474e-08,0.391958899077,0.167415543916,0.00337723389528,0.0965007950505,0.162472484063,0.024135146892,0.0192736698167,0.0972361453081,0.0376300039534
227,0.870378995024,0.00113643329372,0.0233217686975,0.00126495862217,0.015074565501,0.0261070455229,0.0479107867947,0.00461771182403,0.00633351026135,0.00385422445868
228,0.000133410721035,0.200555271394,0.021210583019,0.592450596189,0.0506644968123,0.0268184431476,0.00104947291606,0.00169673716908,0.0230687293533,0.082352259279
229,4.53469106352e-05,0.0386354247914,0.907533903369,0.00174738490192,0.00341514782284,0.0163467907135,0.00358379220011,0.00920291653173,0.00592655031188,0.0135627424468
230,0.643912034885,0.0219605374379,0.0287780341252,0.0264414151188,0.103758022359,0.00380185706529,0.0682306660273,0.0424678030522,0.0478450235582,0.0128046063713
231,0.0317044745202,0.030116611296,0.405162805193,0.0504268253337,0.0371371799671,0.0495375578981,0.205685217414,0.075617802374,0.082412042644,0.0321994833605
232,0.000223421862403,0.00136280868995,0.313195450312,0.154327211472,0.10997510722,0.101782880012,0.018462969863,0.145662788391,0.07749363833,0.0775137238479
233,0.0395427369732,0.168575763259,0.020535162745,0.479833503694,0.0711526364584,0.0377056674511,0.0426044954253,0.00501260891042,0.050171229763,0.0848661953206
234,0.979345565344,5.02919391761e-05,0.00136564822204,0.000388076027458,0.00112158416212,0.000271989916004,0.00780128085209,0.00268739641326,0.00155990183155,0.0054082652924
235,0.73428527789,0.000307698383364,0.00202788982713,0.0281577252914,0.0927560537788,0.0866790952992,0.0195035428344,0.0127406706517,0.00809568791918,0.0154463581253
236,0.28253302883,0.0177535897306,0.00362919601459,0.0393224913137,0.270662707973,0.00687760187379,0.159380752173,0.126049797778,0.067216155235,0.0265746790782
237,0.00379889455663,0.040269477285,0.809122244134,0.0118199021843,0.0119311049492,0.0161115631648,0.0244433935025,0.024813597594,0.029028303651,0.0286615189789
238,0.00200271549847,0.00139694004635,0.00815105582392,0.199385650667,0.692950838625,0.0705052502034,0.00936085856594,0.00582709094035,0.00764491793935,0.00277468168985
